-61335
-96985
-14451
-40392
14420
20283
-99724
25175
24915
35613
35197
-67558
5743
21539
-1313
-164
3382
9605
-31600
-46833
45396
-17354
58978
-66063
-54350
-95306
-68402
34879
53631
-32994
67935
92296
-29979
-46516
-48096
84442
856
79270
-63295
-74230
14882
71902
85303
47714
-79471
-16011
-52451
23911
20684
15949
4167
-33921
25684
90235
-72895
71334
94929
-41296
6212
48560
-47201
-98764
-32056
22820
-45280
-53063
-65650
-17335
-73794
-28945
-64475
-31823
70046
-79173
-84109
17665
-68095
-36560
68665
52589
6479
-27168
45758
-67838
-36934
-48
30586
85084
-14255
63887
33643
38544
65123
28677
88454
46932
75614
-77197
-70403
28910
-79052
92212
97087
18083
-86962
40067
-64253
-55057
30597
31502
24622
64165
-95667
-29621
23416
94489
-2580
-45999
79572
83166
-82112
-59696
-51202
83011
68981
-62749
-42968
-28317
87145
-13371
27682
35182
-21160
24769
-46736
-81033
91925
-83899
-36090
22521
47603
88532
-86226
-20975
86000
37191
-26487
-16580
91192
80174
93675
-90921
-79523
-57528
19180
16547
-93187
76212
15320
93958
89930
-56999
29139
95859
-5141
9492
-85175
-13216
25593
-21265
36394
-99716
94357
50169
-20691
80356
-12641
52822
90865
-94361
-39915
11628
-85281
-19438
54101
33899
24199
60914
-62801
-60482
-18040
-72872
-17481
-88902
-77014
77379
20590
-62189
91252
73273
-56365
27645
73557
65081
-95098
-47134
45437
-80650
32777
-36610
-75010
19951
75019
-60291
-99487
-43792
697
-48199
-82879
-35015
-8681
-919
-7887
927
-62732
-57812
-21695
-15053
-92912
96646
-41781
-49277
-48620
58866
-84196
-43718
38821
-11670
-24367
98687
-21191
-72288
18638
-46173
-32579
-53760
-62876
-4793
-1959
81335
60192
16449
-92496
79394
-82625
-55228
-78419
-77230
-43191
-71331
-80585
-57883
-93519
-29205
-99018
49375
-45833
39803
64794
-43111
38490
-56397
-15399
84217
-75481
-20889
-69544
-38356
74318
28497
-57022
-38402
-55055
-49517
68081
89410
-77656
16751
-87821
-93758
-27491
-68405
-51640
-21010
-70521
-50658
-71635
-16354
16235
93159
40535
-45276
63851
-74865
66030
88371
4246
96486
77104
-94348
-47929
-79919
94340
-75895
97654
-10491
-86486
47088
-93741
-74306
53330
-21232
84379
-98311
-15152
-86143
78122
13213
-75407
-5644
-66540
65128
-23831
24401
17353
-57802
12771
48688
-61317
-10126
-18570
-82157
-62956
-97142
-58052
61788
-7632
-44538
-64036
-1373
-91755
89294
4485
92624
18073
89333
-93519
-3806
-70366
58164
90550
90184
23291
-33282
14584
67733
-63995
54444
-56490
-25312
-55683
24940
-80380
-91549
-45113
-38432
70239
47255
-55881
-93798
72972
-47635
22585
-22544
-55012
-59343
-33212
78559
-36060
-3578
36722
-45511
-86306
87103
-51704
28279
-18076
-15699
-17278
25434
-13922
-45871
77463
5698
-37420
-67650
-5645
59908
79605
38475
-6801
-20335
17929
-84217
57121
62917
83531
50998
-31435
-52530
74509
-94714
-70951
88204
19478
-22655
16482
-98598
61647
26293
26836
-52276
80422
4299
-19488
-56999
-36262
74867
29998
-56658
-59570
-76804
23008
58359
-61020
-92783
-51635
49600
58216
16930
97070
32724
-50695
-73882
20927
68784
-69447
64498
-2725
92200
-9209
-75890
67013
-28788
-44502
74614
-58697
19236
49481
71301
-10332
17000
21587
39765
-97552
-12344
46982
-49187
-62745
-67714
-5168
61414
65011
44137
87533
-86974
-59991
-81915
77525
37284
37374
95405
-11516
-68525
-33384
43982
-93911
-64992
90308
-17341
-93691
-20025
99659
-45015
46829
-97894
42641
-79101
-47081
79896
-46814
-25160
41309
45286
-81023
-44070
-14599
86076
-98896
90015
23360
38478
85419
38933
69954
79125
-17086
3132
-85868
-99690
85791
47531
-92626
85449
-97485
54203
14645
45156
75103
-5347
-47860
55378
69494
93450
-72248
15560
76469
13153
1635
77574
3168
52084
-56860
-11414
-8984
40183
-32290
1020
-56686
-18157
1330
-70896
56463
-64206
41643
58979
89997
-43713
-68777
-7812
-21971
-16636
74655
-52478
-96098
-97594
63082
80371
15560
91807
-14967
-81273
-29021
28174
-65598
-10915
95446
2113
90105
-61240
11045
-81477
94954
-32493
-45683
-36315
53575
71404
19972
84799
90681
98002
95252
65336
72613
99154
67742
-37216
6613
-89610
-45410
91647
56207
-47342
-53091
90610
41743
-57646
-7278
31847
-91797
30856
-22540
30247
25452
-41134
93932
-93884
-69731
-59007
18004
48040
66084
13255
-59536
38696
-60503
35295
-98521
46110
45686
83159
-35155
1892
-64183
11754
-7499
4649
-18802
12312
-63504
-83510
70257
-58955
46737
-4291
-89
-32242
1825
-42730
8751
-80172
-94691
-25166
-39828
-54227
40619
-331
81068
-30812
-54222
-46158
79436
-62287
55735
42342
-23444
75325
-53009
57754
-12363
-16513
1334
-42107
-48379
75160
-19309
51532
-57083
9605
-91199
51668
29433
41200
53591
89605
86973
-5790
-10727
-4870
-9513
-37859
48972
-30078
-146
-68205
-87736
3499
-92880
-40745
-38747
-78154
-30169
-10324
-20261
21452
-35165
-12480
-99928
7753
97125
35964
86510
-46353
-22837
-32810
-56749
91226
-11511
-40386
-13645
78976
-51156
62416
75987
-24213
94212
15340
79286
-98669
74595
67628
-76823
71515
-42697
-69995
-79945
-50772
-55386
47218
-15930
-58261
-16819
97669
-4614
60344
-35142
-34274
-21342
-19564
-47571
-7898
-40589
-71638
-45482
62488
4149
75819
-22173
-89476
4239
79512
78152
-45495
-21885
62545
-15490
-1829
38862
-43786
72478
-77069
-2047
-44342
-79401
20428
43091
-87453
13243
48839
-7017
65673
-59060
-20516
21124
-77453
-58029
-74727
98366
19798
62887
2604
-691
-31873
57109
4514
-69329
68709
29774
69533
-75078
2251
19553
-50036
-15002
40153
-2519
-71912
52700
-89277
76927
72772
3485
44957
-47745
-75391
67504
-5774
76972
65870
41114
39858
95563
67512
-92016
52672
-27975
65746
-51531
-98202
-37633
-26609
4049
81921
-49556
89047
-50838
47925
44225
28951
-14263
-51760
1722
16312
93197
53978
-31990
60701
75293
72071
-46341
16406
11928
-50779
-88993
-52999
28982
-16968
39836
77451
-15169
29293
77931
15969
11213
55464
-67895
-12536
-69523
3419
-83586
16215
51659
-54775
59616
-28055
26292
-72375
-67355
1585
99696
-86607
45080
-61288
-37386
56087
-87198
18686
66209
-20272
-3864
78129
-90980
-98844
-5903
-52678
56620
-46709
34786
87098
56710
51200
-69599
-64542
96425
17106
7403
-50194
44731
40048
51391
-28485
-19470
-76441
-62684
43144
79647
-49882
88919
45855
-43065
-14945
23983
-34045
-86700
45169
13277
-2991
25550
-51938
-88805
-17741
26351
-58404
17717
-50135
-14209
-74881
-329
57611
-7744
78151
-70875
72786
-98291
93531
-56981
8445
70739
-68063
81389
-72327
-55919
-67540
-6371
-42619
4719
33995
54391
-69732
82058
65586
-60384
8408
34272
57334
-14638
47152
9542
85033
4763
28888
-9728
-39023
1673
-8018
-45492
-28219
27516
-74754
-69192
8905
-47081
-25111
-31546
-26363
-40640
73173
-92368
40840
-96560
16779
-66486
-56943
52276
-5125
27480
-62362
-57973
64111
49760
46790
-7002
-59968
-92234
21761
32014
89364
93542
86619
41699
-75651
-4477
21708
-73672
-8933
95345
-87223
-35761
30066
53617
94770
-53156
14220
64916
99121
-90905
-7605
-63242
-48878
-43495
86518
25001
-23407
53639
-40144
98354
-87259
-50780
18984
99361
18008
-29577
-78028
-60285
-76160
13039
-64940
-63383
77279
65126
90234
-863
39060
4453
-35948
38180
-59363
56447
2027
-8241
40041
-84367
43849
43723
69273
-96295
42076
82014
80015
88150
81374
-1978
-41428
30436
37738
-90499
-56526
-113
-53882
47842
92102
63441
-53022
31161
94983
11030
-30660
-64380
94566
71367
-45532
-38304
87001
98318
-94582
-16638
-97978
-25416
-34625
9126
-37267
73839
-92853
-51606
-68637
-28026
-42105
-25163
71861
-68898
-77321
63963
94543
96747
-4877
89525
7777
64464
52234
2342
-37081
-93298
-8873
77009
-94981
-3454
-39630
34131
-1781
-47165
-56744
-11959
53763
77493
36435
85126
-50533
21419
-40038
-78673
-20390
-90270
85290
-25848
-93523
-92498
90766
-58657
71966
43000
-29226
61974
49702
61902
38983
-18190
85537
26442
-84060
-16245
79277
-40804
71796
33039
-63312
-64681
-54747
-13845
-16173
5216
-65428
63437
-57965
-80139
64678
-51488
-72637
-17468
-83056
26418
-74469
-12281
-84519
2322
-50380
54464
84132
62246
-92006
-99929
-54000
87272
86357
44885
-52601
50135
80204
-7347
63379
91120
24958
97951
-18355
66993
44902
-53678
42595
-646
-44057
-13372
-74228
-18525
74347
68343
10886
51056
22806
-4982
13301
30800
-77822
59301
-54840
35625
-68726
-80351
-14241
-88523
12302
-50863
29686
64349
74178
-88670
-41570
19079
84742
28114
-81568
-59315
-85258
71294
-50751
89089
39636
60135
40145
89531
82242
80535
-52580
-95580
-33075
-80331
-32866
-1801
-60682
52893
-63234
-21291
29119
66452
-56943
3296
4872
-71423
49464
-10387
56691
67897
30298
71433
-33721
6636
-12389
33005
-33229
54845
-50376
-50988
35379
-2956
80522
-97697
-56197
-52345
503
-16879
27637
-35642
61831
83846
-69191
31977
-12859
35681
60554
63695
52384
17245
31591
-90230
-84234
24959
16407
3377
85053
83178
-41779
-65323
59279
20690
-41190
-33110
22993
2613
-58366
50585
85735
69272
-85058
-25346
-19794
72842
33720
67347
-64389
-78637
31041
87995
-34303
89721
97766
-18537
-58231
14172
11930
-73179
-75562
70151
-38502
10806
-82071
20309
77696
40923
-77079
-80670
-81404
35745
15691
60629
37488
95897
33470
-28792
-9668
-3830
-7429
48463
-15835
58268
-34728
-90981
-60270
7041
-49720
-21251
-39048
-98193
-51100
-50461
12613
93919
-3063
-9691
34841
-53052
-63272
-19473
82693
-20492
-58845
20181
-97507
1714
18478
-7175
97884
-88952
68377
-90863
-3595
-66351
-81844
-36776
-32221
95526
41974
-44180
97333
17963
5360
9946
11881
-97704
27344
-53278
-50756
64072
-45662
59027
70669
-4507
-93704
73162
24296
24774
93076
22179
-37089
-11458
-41594
59316
22191
-23438
-77461
17059
99178
64513
72880
96510
-17525
-94672
-66456
94357
-92376
60888
68168
83959
-47952
-77495
-29926
-77284
-54913
-23630
22967
69383
-98857
-56868
-81350
-35946
31674
-22944
-76631
-46136
-19292
72998
-1988
-20115
37511
97981
-96517
47075
-96692
-62972
41431
38023
25005
-63313
-50930
77054
86282
19144
26859
58458
95514
76916
27840
23746
-79953
-26420
14889
51721
-22275
-34653
32674
58433
-61656
57775
65407
75855
55756
-4020
-49981
-13847
-39903
18539
-75825
85102
55227
-99666
-10756
41508
19478
43193
-72945
14991
20108
54895
65826
-32756
55564
-19286
-81036
-66711
46061
-21273
18811
84406
-63499
-15782
-12651
19346
7287
37368
-94501
67384
-44093
56764
52485
38223
57099
-58271
-93181
-96335
84922
-66126
-54254
-67882
15859
-88429
-638
-28578
-7714
-54585
-68200
-61654
-48769
50612
-77249
-85179
61919
-62810
-38743
-30795
74558
93846
-63412
57554
50609
16162
-4224
-65204
-15020
2596
65552
96991
-36441
-88703
-70892
79418
-77132
-44441
77930
15154
-71937
-90271
53501
-20706
60341
3341
-78795
22259
40531
-17538
18553
-57822
-23693
-17770
99732
54005
98393
-77403
15891
-89539
-47718
-18558
-92548
15841
-7261
63650
-4741
15607
46299
-26812
57851
74362
-89994
-61560
80746
70348
41781
-98050
-80305
-90599
-88499
-34662
-48421
-12192
47568
78400
68902
-26951
-99004
-15208
-16489
-46722
66234
-9037
-3791
86062
81702
18557
-71242
28000
91745
86609
2362
28840
-74952
-89804
-813
-6082
39236
-54028
3319
50737
11310
-18013
65634
-41123
-39613
34535
-40984
88473
-80673
42527
68841
12650
60579
-34951
-1288
42280
83606
27470
-29720
2439
-58833
-269
-68722
-33785
9927
-42445
60133
76252
3527
90542
26988
-85164
99618
-7379
-99198
87094
-72845
-40182
75567
73572
29434
-28504
-13778
-9988
-36366
12023
59382
74329
66582
56751
-23233
-92252
83571
-64866
-26037
-79414
-80222
61185
96838
23305
-21185
23825
-34770
-21567
-83555
93123
-34474
70690
-47060
68182
44262
9464
-60323
57573
99476
3311
-30405
-14054
-22361
-63824
-57304
-18505
-56076
53356
-56281
-55024
73942
-36503
-93840
70779
13892
-15024
-78308
79122
63409
-61863
72244
56024
35917
52274
24206
-19822
-38263
63883
-62250
88302
94284
-65566
-25752
99012
-29390
-55967
-92404
-58377
97390
-48685
-13401
-1580
14812
-7241
-30801
55793
4824
-9109
34915
95322
-43882
-65753
51346
92035
13610
-97360
99302
2436
-6388
64141
-82173
-12105
25664
-80836
-86004
96274
-36803
-78408
64986
87676
-27093
-48416
-13904
14808
-28568
-17616
97691
3346
364
-40306
-1333
-16429
-6059
77102
-97306
34641
79742
-98005
-62924
-26646
-6775
81993
-11662
-81112
-98844
2334
42251
-35646
23926
7236
79119
23922
-14091
92304
65820
57342
-98224
63510
87777
2141
-76797
-13557
85712
-55767
90635
88407
5963
70376
17491
-29871
-56271
-89284
-47879
32068
56694
-46722
61491
-73966
-55279
-14583
33270
-76161
36428
46269
43233
2247
-69301
45009
92846
-81525
-52851
43138
-67993
59951
87372
-77359
48357
-6666
93018
-34153
63463
63836
-96348
-84416
-77008
-12564
95952
84484
13470
-59328
96990
73829
91601
33417
-52814
34833
62754
-22115
-20158
55599
-3640
-45920
-74174
-44543
-85970
-86803
-21902
-10524
-66380
98205
-17587
24173
62041
-86846
-33154
85033
590
-37203
-3395
41149
3469
-6406
14978
-77842
-72989
62164
56992
16854
67139
63923
99542
90588
-81998
-74633
-53956
59123
65654
-48768
-51402
99275
-50564
-41900
-49464
38566
-28745
17382
-49312
-1066
7268
47293
-59917
37826
-59113
-17850
59984
94988
71403
16975
11841
38541
-19103
11382
29129
-74011
-36161
75173
85112
-70508
53494
60799
55856
-97070
-81101
-93609
41496
-9846
-49138
92184
89088
58130
39477
56260
-76956
7453
-61591
10118
2440
-90188
54182
41370
48353
-64921
79841
-95430
88158
-56321
6833
358
-26828
-39674
-38844
-70973
-36744
-19945
-64581
31842
-2702
-86630
24025
-86525
-1410
90591
69735
21634
-74868
-91856
-68249
-45339
45046
85934
96031
-79513
48102
75872
-74942
-36652
-80450
31891
63706
-7278
92217
-75139
-51161
82563
-67994
-88653
14404
-43607
-75283
65518
-30132
23307
-16802
66693
-55059
-64581
74837
-96219
-9919
-53029
16804
-86800
-32542
91995
16161
-7484
-44658
35712
-75594
-80953
55523
43713
70999
31451
-46636
30094
42798
-5143
86487
67516
87464
-43645
-9178
97751
-76953
-37148
-66830
24973
93724
-49660
71944
-62384
-36460
-60599
-70389
6791
-40993
-15047
-57498
-89498
-68910
25114
-18696
29178
-43435
34668
-40729
26452
56614
-54243
-6033
44078
-70799
11879
-31083
79338
74731
2087
4310
-4457
-20484
-96658
33160
-29854
69834
62771
76937
55930
74813
46528
66432
32992
-28359
-52264
-37831
-44705
9493
-51471
81748
-33893
-5713
-97197
37274
-49423
14682
-93810
-70085
-83498
-64633
-38686
-60866
-58028
91747
72294
12118
-11331
-37847
-10946
-55402
64056
-64419
38119
-2953
-65688
12944
-13694
-83304
-77563
34835
98444
-84367
56211
28337
-20004
-93212
-56982
-86725
63793
86610
-51358
52196
-74256
-9385
-28969
98038
29822
59700
87281
-81124
31387
51336
81547
-30494
-51618
-84142
82450
34688
59645
-95114
96613
-14823
47609
52823
-86487
-72396
-13300
83622
67970
77582
70231
43701
29778
95975
-65685
27898
21102
-8773
-12402
8382
10103
-81016
86807
-81262
-11510
-64812
61687
98030
-3034
21331
-97085
-79333
-93493
-22386
579
-79979
-67693
14369
-96358
-99724
-8050
962
43978
48817
-75974
5382
-23285
45128
96609
-8598
80599
-66200
10386
-5506
79629
25966
29682
41315
23995
53737
-37355
-46001
1493
96242
31613
-97928
43352
-8990
16441
46994
-81625
35480
75046
-10558
-15703
99072
94825
-11899
-28712
18522
79503
78976
-20588
-83023
-26531
86130
42943
30240
27444
94027
-88934
17178
-51974
12559
13419
6728
-58280
-43229
24827
58161
30854
43203
-79270
-67012
-67356
-67884
-67941
54558
20217
3347
-99831
-73192
-90589
-20419
70875
-17120
-34290
13818
-86880
20243
-65067
-75814
-62580
-89952
-36166
-22072
16777
5555
-38212
68693
90805
19732
11895
-88466
52720
-28371
70740
84780
-73814
-81955
-84785
-73645
-55147
-75373
-66975
-84272
-65404
-74176
-43365
74806
46067
-8432
98992
10576
1617
89916
15594
45483
-4530
4471
14175
-86637
-75798
53160
51988
76923
-75212
22727
-11209
78064
40773
-68905
-95581
12715
82812
64534
28443
-82592
90359
12167
92214
-36486
30825
18295
74091
59531
-64701
-83227
-67898
30769
21244
-26634
-28779
45447
-73475
-76792
-50542
78403
45936
-34662
56467
-86203
-3567
-12025
26512
-93666
-47492
82045
50832
-57134
-78700
-29866
6381
52125
88429
-92440
-61256
-76273
-75667
-29154
-18415
45577
44213
-20104
-8977
-2173
3104
-32430
-23770
76129
32908
-67304
17015
-70659
20671
-56473
62765
268
52661
13596
43135
73961
83730
76605
26086
-752
84165
64830
-49936
-91503
62766
-41261
-18837
6978
38635
-724
-95196
68828
66846
-91877
44957
-246
-59181
-38029
-43816
-11421
-67413
-81052
88848
85248
-40367
-40929
59209
-56638
62765
-87617
42610
46929
4302
92675
-17485
-32933
-48587
63678
1134
17137
90043
5939
-14036
56889
-58849
-69080
83732
-90940
-80019
-60085
-2361
79658
85953
-86425
64906
-54415
99736
-48797
-11053
62500
-36414
58647
-63483
-5023
-21590
-53879
62045
29823
36889
-36822
74049
26931
-3794
-39988
-16181
-35553
-81978
-32450
-26493
65093
-65446
71146
44750
47596
11811
-63256
93181
-61365
-12053
-90783
28225
-21378
67864
64742
73600
-53727
-89137
-37267
3185
47752
-47000
-22767
-25318
-23704
37245
-14409
40743
-17644
-19770
-85751
-52552
-58126
12484
92199
89470
51384
-71058
9740
17109
-56021
18957
-54667
22601
-86091
37164
-76711
87272
48027
-86889
-82455
-77133
93202
-5222
-75361
-30503
59112
-62681
37329
-58532
17549
-21333
-83995
-13488
91151
-91797
-24018
-30376
64236
12811
86733
-91786
-68233
-67935
-42096
72766
69229
-18806
60037
-55655
-78606
77582
94302
-85405
99449
-81060
-88819
-14351
-43741
48510
-45794
898
-72824
-29788
87410
45417
-21585
90481
-84960
-57350
-69620
28862
-49136
-37853
-11984
-64142
62002
84334
17052
22038
-71322
38446
-73292
-77020
-19869
53246
69010
-8688
-61105
-74731
-60178
-6899
-46744
94088
63313
67755
39504
68818
-14675
-18367
-88533
15705
-89506
89422
77853
-1490
-74721
-33057
-17156
-30580
16071
-61389
34955
42779
-38409
-84915
-3975
57691
-66513
-37991
82960
-26691
55110
63305
94486
18423
31059
33990
-85671
-83617
-84378
-74204
32089
-73883
42307
-62970
-48284
-5325
3973
34560
-8816
-79957
73172
-73861
-10088
61852
68314
13026
19542
28890
75035
-70410
-97802
-42767
92895
23774
2745
23954
-42237
17074
-32574
-26615
-30040
26604
-73409
-87734
63634
-21692
-65969
94697
-87133
25215
41829
13128
-21557
58830
-25020
73847
98945
94522
2736
73979
-75888
-67976
-68788
44096
55798
-38954
95139
-86440
78121
-37435
-85966
-51920
89169
67716
87436
-20108
-53977
-78534
-98323
85980
-26229
-29405
-892
52214
-70575
1177
26060
-71631
-77213
-71204
29438
73989
87910
-12261
18085
43707
48785
-59688
57267
26905
2877
-1610
74985
-80865
-33895
-10490
-73884
-60783
10976
-72207
-74803
84747
-1612
-48606
-35950
-45098
-20340
90110
-16728
2447
45995
39799
-96475
33904
-72463
21610
-95301
76322
61922
-10945
3227
91889
87446
-94700
38113
80640
-5190
64229
-80143
32876
19111
-54946
-55289
-82502
-76463
8761
99491
3197
-74040
-17238
32733
-956
-77440
36258
60038
77187
84957
64737
53508
46879
-46208
83824
-34144
68327
16214
-96032
48966
38113
-4714
68823
-29012
-85604
40966
15700
58984
-8408
51550
58474
21878
77510
68325
-45389
-23446
17974
90869
63681
-4840
2915
28417
-51332
76883
9298
-67509
-57262
-22376
-24206
73796
53680
-86093
-30919
22502
-15105
-16523
90558
27684
-57540
-90762
-20766
28024
31117
83833
-3652
12817
87476
-85678
3685
51156
9482
33689
-93338
-14761
10571
15960
-55180
53309
93585
20614
-45807
47264
34521
23274
96855
46506
33840
14501
-25811
3390
23740
-19488
-68587
81946
91435
27761
-5238
5999
42083
25536
-42845
78655
-40775
90907
-36107
69796
6866
8713
-49806
-72461
-70673
4387
1892
63848
-72339
-74164
10353
-11410
-32574
11632
91980
18255
19233
-76608
200
10667
-21757
22051
-83334
-79675
-52413
-99090
26069
-66099
91817
89963
-96304
-74229
-1325
80980
-46689
28002
-14633
-17708
-81061
-59883
8128
-43619
28707
75555
-4898
20687
-6191
-85665
-28832
94010
-47909
49411
16060
95847
-3174
-9264
23846
-77106
24637
-57249
-87144
-44577
-31477
11532
-63598
-51077
66623
21769
31215
12651
61886
-60657
69033
-82318
41987
-35866
38369
-64205
-94442
-90464
56894
84740
58948
-99957
80586
-44227
-9221
4432
-21333
42506
-25728
-81387
25018
42795
30145
61420
91718
-76144
-89722
-49978
36508
-747
-10635
-67371
16935
58441
-76148
-44697
94236
-70589
91930
-21781
41240
50877
-21738
21825
33739
-3870
53346
39495
-61365
-72382
58108
63653
-2498
-84659
-47838
-83691
66288
-37560
-33669
-70116
61693
-17215
-37487
-21372
-58775
-13635
-38980
62550
-57135
-47051
-59232
11194
30915
19030
-66981
91743
42250
13454
31238
7974
-31839
-83566
98717
65664
58866
-49122
9062
25153
-59593
75393
55037
29189
85267
44639
-92184
53581
58093
95927
16130
28048
75965
56899
-60759
6880
-96983
-27740
-74289
45267
12804
-15962
80331
80965
473
79047
-26283
86428
-70076
82779
11580
97421
-14740
93706
26609
-29474
38344
34426
-75894
-3564
-42559
40237
51573
-66595
-75776
90815
-32626
54331
90164
-6914
-73313
2967
77124
-92983
-88979
-95315
86064
-15262
91113
43077
-32483
2692
40497
52777
-76514
-32895
50393
61830
28620
74499
85356
86061
-58176
36928
46556
93138
-45169
-86071
47469
-55005
7015
74156
47962
-15861
81173
-13928
-11176
-5675
70811
-20063
-62599
65417
9718
77898
-54718
33205
72092
95675
-77877
712
-2737
34568
-86139
-33824
98586
60417
-40686
-46584
74347
33872
-1589
-91550
-64884
73463
-7411
43378
-40466
8503
-62298
57434
88440
-97808
-50061
-74754
7179
-4778
-14460
-20730
-82015
-65247
7071
-57663
69321
-51978
8514
67906
-91562
-5083
48412
9874
-71212
-53178
18325
-36096
47374
38003
-92719
33998
-53495
72073
-81480
62034
74265
-31540
14370
-18557
-9229
99910
60713
8756
-65338
94874
-21817
-96017
-57105
86697
-1022
78423
-91298
74479
-11703
-62510
48391
33711
-71517
-4236
98803
62854
56851
-54692
34926
75372
34431
9190
70921
-51200
17722
-38309
75800
-94477
-2464
-89539
-99604
75719
41534
-56709
-10496
67602
-78286
-1794
42080
-62900
-37215
-9530
-2100
-8732
13324
-3298
81211
-29826
-30901
16136
72635
-96470
52415
43555
79420
-29864
-94755
55219
-24340
-70129
-7230
-23944
-94411
61393
-53563
-77817
28994
95241
20389
-28926
-67660
10264
-11367
30240
28621
-98044
-73059
9832
99221
-3959
53057
71855
-73340
5472
15410
-93921
2697
-52256
-11612
5446
-22385
8247
8592
-89706
-30361
55029
-67523
98634
50269
-20045
96797
9698
17308
-87482
-60063
-54071
-85525
93968
-17150
40785
-9992
-64094
12639
-56243
-31533
55138
76927
71165
-97118
92404
-23390
-92414
650
85202
-82120
70289
-32681
77447
68922
-82413
-42598
-7193
27285
74710
5326
-5689
47728
-53110
-11721
-69423
87675
5376
-33516
-72598
49134
-37960
82541
-46851
-66796
85423
-54448
-63096
20098
46202
49195
37979
16490
-83486
-57486
-87499
61191
-84
-67603
-84435
-98285
37723
-63035
-23468
11702
25244
7110
-624
57710
683
26779
6843
62723
9319
59992
23017
-78170
-94457
59921
-30983
-21166
9115
34085
95324
-47282
76600
34914
40999
-96396
67312
56564
32409
5034
93529
-91059
-83264
-54138
-56860
-56799
-96429
43823
-2931
-62497
-66366
33477
97495
56651
-17604
30127
-56340
51414
-91040
-20135
-14502
31373
-40328
-37903
-33713
-99330
-34298
-66402
57234
25200
-34279
-22148
34141
-90454
23714
77281
79838
27285
-51808
-23094
64788
-18173
-89617
-10629
65567
-7221
46587
36317
-55808
-17364
43271
-43220
41098
-97058
18877
-92616
-96387
11668
68072
-12064
-63132
60883
-7123
-1902
-2482
-83410
-24621
-22645
-29036
-49340
-18649
62841
-40424
-8266
79301
-74857
11602
-47024
-11451
-17116
35612
-68181
39664
-96201
61851
85630
38273
65464
-2702
6345
80490
-38745
94317
-26634
-13558
-8166
-82954
61821
-3721
-84901
39571
77630
5030
99147
-30637
-88581
51379
8054
-35604
-60073
90938
27097
98836
30601
30896
60687
16231
-30831
-46761
40618
2603
-66272
28962
-75992
-65816
-84597
15842
78320
4314
39210
93419
-56116
16839
-74463
-56970
13291
-63043
94410
-78655
1353
61426
-87718
55539
60262
-30027
-13565
-51963
86204
-17307
1276
26821
12385
-37906
82872
36393
-3722
98275
79324
-25403
2588
18534
95105
46472
62462
-79358
16592
-97158
-42401
-61910
-75813
-13959
99516
63559
-58421
-13134
-66469
-44897
34903
46824
37796
-63821
-99267
77270
-1727
83605
13662
21640
81880
-79925
23326
-15533
38609
18430
58029
-71841
-33839
-98291
-68999
23760
-60201
-44812
36890
-60686
45837
78470
-46730
6457
60662
88173
-46719
-74453
51441
-45986
-97184
76803
-62381
-56432
-1558
46588
-36357
-78233
58144
-97749
-32713
16172
-69590
33448
17881
88502
84298
-15231
70779
-51724
24084
16615
53835
4443
-76928
14497
-7385
-96558
40044
71146
-42544
42860
47948
-77836
86428
73480
68752
-49930
22336
26896
79411
89623
70157
36911
-49840
-84873
25412
61547
-104
-76721
-90178
51069
39895
63658
-44489
-9944
-21846
-24784
-6502
45287
-53639
-21957
-84765
21398
208
28753
-5123
96049
5912
-82787
22944
-14677
33925
-79810
49323
84085
62407
-98177
-27280
-37698
-74898
-90368
40461
-7914
73290
23061
82142
78533
98277
-24361
-49092
71727
-19228
-33857
-79786
80980
94896
15091
77028
808
32304
-72939
13220
93319
74341
-37458
4492
36747
91455
77213
26138
-83444
86845
-33402
8643
-12777
16749
-82127
-34245
-57886
-79398
-56248
-86159
1374
9895
-65945
-17647
4791
-23765
86470
32688
35629
40620
-54093
28947
14960
-64462
-66562
78796
54082
-89350
4934
70638
24584
-1379
-93631
-88194
-84631
51333
-95350
-42516
71935
-51598
98415
-26692
58298
-67531
-17250
90178
8704
-30781
-50046
71422
36929
-77050
368
-48112
85578
33807
-69316
39659
-28454
-37293
-62615
96131
61328
70845
-92064
76698
22177
39677
-65819
-5889
88079
-67405
67419
-26535
92154
77258
-36358
-72054
73566
-59315
99369
10494
-36365
-264
62383
-50788
60632
20156
15960
-67822
82863
53346
-71692
44190
24190
63334
-52024
73456
3010
-17843
-32434
-8911
-58159
62074
-8357
-66006
39331
-17625
89031
12896
23060
88399
-76610
86696
-84777
12862
62997
75856
60107
-21043
-91967
-29942
59392
63431
41337
-89330
26764
89314
84126
-70226
98560
-48309
-52048
-59599
40854
39595
-98516
-19816
-78031
90515
20169
45030
6002
-29352
-41186
21226
10599
48900
-2919
-29295
54946
-67797
40763
14337
95634
-17900
-47904
22397
98503
-63779
-20740
97062
-84999
27212
-62538
55855
93897
66037
63128
-84135
56551
-16703
-12016
-37447
-18966
-26113
10868
91634
49877
-92052
-37662
4822
67241
30191
46249
62874
39380
98345
-87641
37882
-65434
-8380
-37968
76657
45921
-505
32512
39817
-34469
-4361
-17228
49171
6025
-2155
38813
87060
-1178
-50320
78693
-51302
84718
68120
53520
51958
-74601
-73143
14831
64779
-74798
-45720
-70251
86858
45900
-8218
63514
-8180
18366
-76886
58727
10986
18754
-58502
87246
-75222
-33568
26059
-88163
65254
75739
90530
-86049
60457
-14261
67472
-60497
11138
21418
54335
-24083
46620
35704
-67245
-39434
-18397
-48374
51170
512
-2919
74284
-40762
-91934
-6963
-72175
22402
-55095
-5742
-51540
-43258
-40489
51288
74362
-26537
11744
-39900
68024
51248
71238
-10559
-67329
74244
63151
68375
34089
-76284
77067
85715
74886
-22422
-90115
49170
-36094
45041
69296
-8269
-32558
-85800
85989
15902
-29057
-54500
-32810
72394
18963
6023
-67507
-85925
84360
30820
3516
44120
-67847
93756
-60417
66242
-82528
43739
-20955
19447
-78683
-11070
95706
-14777
-66029
65002
76954
-71498
79202
-9968
-28506
77234
35532
-34227
-23284
81584
71796
-63702
95659
-16755
67119
-73737
54454
26361
-79981
94038
-7398
64581
-35135
-1264
-15973
-13818
87667
-93178
-1506
48727
71824
-97463
4318
-21886
-7431
75812
82438
-71900
-58416
-40847
36773
40470
-77459
32431
-76286
89660
58694
5257
16020
5802
-73617
35711
-29618
-8751
-65554
-18501
4520
49202
-11679
-96986
-74983
-39856
32641
29336
-34653
-74791
-67764
74874
80399
-26179
61117
17171
41380
83658
76691
-7817
406
35384
97440
43515
68276
-76177
-20775
-61343
-57839
-59240
20156
46681
17052
35566
-23216
42069
22799
-90576
98494
88147
-65367
57820
-9891
42121
58730
-48775
-40709
109
-65118
-64019
92292
-37623
-1545
16820
-94109
-33270
-32268
-14884
-67524
9893
-47034
-20278
83664
70018
-84713
-39553
-60825
-34824
-30128
64759
80412
-68406
22578
-29480
73716
-18693
21746
60096
8505
-16283
23167
-72115
46095
-78379
44705
-20925
-84560
39527
64192
75006
76509
44247
81817
60172
14264
24194
47709
-19472
89370
44670
-54714
69781
76264
67864
-59700
-22932
76260
-10865
64254
-88147
-58
-12580
-60262
73126
-63870
11533
-47800
78660
-48941
43481
53665
54657
-12273
35482
-58082
29080
86765
89627
-90392
76134
34296
81984
-26997
-62352
49848
13303
-58194
-46804
29528
-93941
-34950
56559
-79432
-68123
-43227
-43302
43410
8973
62447
21558
-47546
16111
-23785
-32730
78682
18133
23440
-7465
-65152
33048
-31332
69144
15031
41671
33881
91968
82064
75687
72254
-61320
8835
-62697
95239
29403
-30820
-47989
13190
39680
-11927
-24364
-38763
-32384
18837
-35459
-38024
-75393
9763
85416
17143
44611
18463
12900
-59157
60583
-45429
74725
-20360
63724
-22500
-48107
-97597
13425
-83715
24731
69917
-87446
3831
-16893
52234
18993
-14168
40561
86610
31758
32191
-51415
-16545
-58046
-66000
27687
13654
-20448
-59414
54498
67224
-77754
-43689
-53137
13059
-39100
-74155
-57449
74325
-57870
67282
44242
81775
98202
54438
-38903
17195
67359
-98343
-69107
-73794
33849
-20522
9661
2892
-59433
64437
-83455
-52792
32112
-1868
-85569
54359
-18468
88385
94507
42433
-85771
-62942
-56154
83450
31429
88088
65224
29631
-30386
-73680
73915
-63027
55068
-95193
-36821
-83995
-88626
-71
18897
79031
-35635
-37469
-73762
96477
60664
-59331
-22076
69285
56143
-27569
11717
70373
-63422
55564
-19089
68007
-29260
-53866
-75274
-32556
99544
98641
4417
-18300
30537
-5315
-2295
41911
94614
43691
20941
86068
-93778
-25732
82544
-6025
14938
87558
90349
98170
-40012
2066
68542
-3434
84719
76542
91662
82548
49765
-83612
-50009
49309
-84972
-18503
58098
45566
76182
-44197
-85435
-2116
26583
-37404
-16049
-40106
36864
93585
-19042
78891
81142
-28693
77061
68219
462
-27309
91874
-14820
-50767
83535
94817
98998
99923
-55192
-24605
42041
26305
-66507
-85305
-70424
-83615
56350
27460
42968
-81055
38501
-97138
55810
32085
-16180
-38211
-59685
-17784
-61151
-91467
82678
11541
27496
94947
-12137
-61881
89764
-13140
-61958
61661
62256
7172
-12035
95749
-51044
17541
-87867
-94695
72091
-17810
-75749
10591
-87859
7150
69765
-76949
-3972
-89921
5267
34878
-81388
-12055
73508
-26803
-90020
-38630
11316
99744
-24681
-23553
61404
-62426
83619
76459
60412
59664
-78912
-366
64970
93179
8914
16310
-69142
21055
50549
-99378
44106
-53424
-89299
76463
8543
56403
-35593
-17950
-70401
-98524
-29491
40916
-98780
45829
-82638
-10287
10492
28071
-33829
97994
-12266
-85651
-75284
-47297
34617
-39281
-3898
65476
81775
-53350
-6813
-47031
-79684
3889
-70569
28859
87381
-79073
-89091
-83020
-77596
-91493
-15015
50714
-18575
2347
-59574
19007
57507
-66313
-55911
-54759
-51964
95895
-74967
82653
-43386
21136
-24783
-61612
-5125
68405
-8643
15191
99383
20789
-55950
86763
41716
82049
30832
-8791
17645
-84184
-58078
26160
-54747
-17651
-54834
-97241
16036
-83656
75090
-8839
-87762
27213
-99098
-31148
75438
-23880
-65671
-29688
71614
25687
12593
70996
73565
56643
-15153
-57631
-34220
42769
33579
10514
58585
2590
-63327
30927
84939
-18161
-39224
-71937
-74728
-64135
-53687
-62489
63078
-52784
6363
38515
-49575
-32218
35917
-77962
93469
-51491
20123
-5878
32241
32059
-36420
25110
-25173
24248
-64377
60502
-73162
99387
-8572
-88224
-18775
-20707
66930
-66413
-57752
-86758
-28902
32415
87548
4550
98020
-62028
72332
33936
-39990
-7111
9534
7222
14100
68864
-60719
77681
-6027
-58803
1928
-43315
-98302
28766
-43929
-79784
-32368
-35614
-491
-65439
-2027
41757
74893
69071
-98739
62441
-99291
99281
-99588
131
33216
87513
93020
-57251
-78177
7120
-88388
88194
-15200
-67326
-70609
13817
-10641
58179
-57417
-27480
5484
-62696
36906
32083
-28135
-65122
-99072
73847
31038
-97811
-36624
-41164
-98531
-36211
58967
34685
78391
51987
4523
27303
86196
-56776
15497
98085
-97013
-28023
11901
-80564
57245
-18427
-8044
-37271
18877
-71139
94812
17831
90829
22829
-8322
-51045
25019
55054
-65120
26488
45932
93848
88263
-48589
-27077
-80126
78715
86208
90189
-78700
84292
20265
-6723
-76719
39701
77611
4855
-68344
-59661
50821
87607
62240
-31348
5524
-87842
-12581
-18432
37177
69562
16449
90754
15494
10296
6105
-6006
10308
-46931
99798
-3485
70347
-78903
-19194
-9389
-58537
4087
-69688
-80926
36031
89058
86503
-13148
76665
-24168
-17407
-90723
-12010
70012
-9154
52256
39573
-92706
43009
82156
-55321
76204
-23850
54987
56362
-24053
-48499
26708
-75866
-40604
-82682
-34403
63483
-52370
-88240
-73397
63778
98264
13455
-32469
-98816
23137
-23192
-10826
-6852
-5257
-58571
59810
-70874
11527
41966
-26195
-12270
45205
-71209
-55909
48241
-92619
-2112
72375
-33223
15207
65062
57350
-10074
76822
11042
-46297
2174
51586
-51677
3358
-25278
-47779
92532
67870
46964
61050
27679
76091
-27423
96734
76985
-12604
41938
-94224
-41423
-9821
40247
56465
-37447
34114
98761
54704
-81448
-84224
31526
29594
96569
60789
-18821
-55108
-35853
55901
-2887
83768
-49141
-55924
-28093
78538
47256
44484
75272
24241
58969
-55702
-42894
-82455
34477
97353
1100
24120
-41445
-73051
-21177
-22893
-57275
37438
-93300
-60706
-1773
-12121
-15814
-10537
70869
81299
-99681
-78273
52464
-27774
27355
-280
-83291
2626
51050
2768
-25987
-91845
-52598
-91510
32597
-24409
32610
91153
2541
38522
-31741
45266
-24040
-25040
84560
1276
-10072
95835
90739
-39203
4222
91058
-90387
83776
90374
36968
-89416
-92918
66683
61634
-63061
-59304
69789
-15658
-50814
-70526
59933
8885
-79374
-37527
74496
-84025
34829
77545
-81976
19388
-21180
7952
-57688
96648
-4162
46534
14795
5452
30309
5168
-57581
40893
-60661
-90898
-70385
-23721
76888
26493
-12290
53163
55968
-52358
89137
76594
-62795
63632
92569
72034
41177
-89408
-81490
47086
-54366
-39178
43734
41472
34446
85618
74013
91844
-9215
43522
32737
-42787
52624
-10559
33492
-43400
-84066
-78799
-90238
71902
95934
98899
-24416
-66862
-10381
95243
-94829
-69205
-94166
-76319
4971
78558
-88407
-51296
-52881
46039
61411
-78869
37882
-47805
64653
97708
9408
-55635
-12851
69990
965
-69828
18280
-62184
-97927
14213
-63286
-22343
-25560
-46577
-27101
-93300
-15782
-94177
-69618
89189
84381
69065
64982
-68501
-57808
26392
79721
80074
5676
44373
4871
42174
15828
19109
-60748
-83208
49281
57532
81699
-21557
98835
-81588
56100
-99637
-28165
56089
-92936
-16857
61912
-62554
99421
-26619
33600
-8508
-68030
75792
44973
-88310
-17046
77739
-16848
14914
19912
98980
-65978
-13747
42862
10392
70874
24560
88835
-3203
-29939
-27976
-2839
-31014
-71888
4225
-20782
17113
-31240
-21362
17583
-97641
-2781
49553
78151
-57808
-11668
88194
47020
-1426
3108
94021
-75358
37130
-19727
67504
74612
-48854
-80848
63446
47944
-10786
-64531
72194
-14711
90671
-23582
64507
7783
45178
70234
-74634
47537
-32547
2008
-47224
-63266
17430
68059
83754
-83997
-28834
77774
-59355
35386
85136
35239
9997
-63719
54391
-26558
11314
-56396
-63999
-16493
-44018
-73329
59925
-79512
-38456
-67809
90723
-86001
6817
-41825
16007
59593
-78002
-66564
27652
-94249
76529
25907
10614
-82826
-38708
-4251
52413
-1622
-40881
-66108
-1090
70434
-95414
34911
81030
-39432
-11329
-31956
-18943
-22696
235
-28221
-8697
-92948
-42957
34400
-6266
-20959
67836
48475
-88119
44365
-98529
22495
-11372
-37237
-81757
68130
61142
-22638
-97979
87141
74885
-93393
22051
-16996
-32824
37811
51048
48233
-84885
78372
47101
-66493
12513
-95857
67907
-93753
-89727
-37168
-18189
-77846
34286
-16718
44649
-77087
-26865
-10019
18132
61366
-5568
20153
48506
-30683
-46150
97646
-20590
21026
35456
-69543
96348
-22340
35918
-29463
-61743
-51569
-98231
-93837
81768
-87958
-31005
-36422
61286
-96720
-26050
-66977
53283
-25826
-49907
-28586
-64461
44525
18657
84045
40931
72507
8779
-79660
-79379
71324
77887
-83032
-51016
13805
-85406
-85670
62236
-83637
-79507
44003
55495
-83422
34670
16780
46948
35709
-23108
231
-90118
26985
-1266
-54579
-28491
-82610
56555
39530
16986
-34667
59870
37607
63747
37757
-18336
39820
78651
-3742
54150
-32025
-60290
74643
39067
95205
18310
-26264
-60927
-34742
36535
15965
-7422
46417
70039
91312
18928
-58452
35792
-97429
81078
79867
94995
-31964
17474
58741
32882
26227
-1440
-61379
49575
-47291
6596
89285
-72649
-54338
11579
45662
-53512
50652
38009
83023
93707
-69414
-43472
63745
48987
75456
32382
-88133
78028
-59452
91735
73022
-64326
-63703
31762
68556
-10387
57411
-92823
-60813
-89881
-59138
55562
64560
-13475
-32860
-62690
33013
44881
75319
-56876
-34324
-94096
-348
-70579
-18019
-97803
-11108
-6152
7314
-43470
-87329
-92576
-7796
76058
-33725
87849
-34329
-76315
22115
-68053
-66196
62978
87509
98364
76592
81738
-64326
-63307
26619
38082
-20183
92295
-28924
6558
48805
53057
-64156
-62303
73994
43158
-78684
13755
-22329
13520
-10188
43946
1368
-17428
-5280
50573
-58391
-44387
-59361
-70883
-46023
-82770
-89145
-83260
-46077
37474
-18089
-39171
-43143
52987
67387
-94338
6043
-96769
70449
-92874
-26522
91765
20881
-21761
5284
37782
-77816
33741
-79646
-56006
-88598
-38037
-393
-47959
-81831
-19327
-30729
-70976
-75498
23194
-6413
6414
84023
50445
-40600
-21501
-16804
-7467
-91181
-46356
-341
-90614
72498
-79461
-12375
-95130
58321
-63101
-34300
5764
-19107
-22897
67727
80500
29144
12986
88263
25505
42010
-87236
-51302
62687
19178
59811
-59780
5668
65399
23416
98201
74218
4149
-2141
10693
-96265
-54513
98319
-91395
30897
62307
-25695
-63339
-56801
51408
31477
50788
-92359
-55538
39050
33146
13562
-21096
8933
-23752
98082
95833
-56443
3749
61231
-5938
-70962
-37463
25300
-46014
73231
29035
-527
-1362
37640
-69630
-39056
39034
-32969
4143
-82469
25597
82020
-74828
70060
-51841
-14593
-16379
27063
94340
-13042
-47767
90173
30515
-16928
-21508
-75424
12110
41030
49876
66097
-58651
-21090
92659
39987
43639
-76972
-99070
-17328
-82852
-67838
203
42746
41271
-47536
-60106
89430
37871
23515
-56419
-40700
-89528
-4185
-50528
-31924
5976
-44947
-7348
45175
96083
69617
11271
64521
-51474
-68981
4507
19254
81137
5437
29015
98286
37599
56308
-31880
-94041
-91229
8014
95389
-26268
58618
-61030
33032
69090
-38126
9593
-62835
67850
64646
-43094
13024
-12182
-73478
51385
-47662
-97863
9493
56846
-51520
-9371
89372
77495
-83997
-45940
33802
-15877
-39981
-30337
19226
-44593
43395
-22157
-78534
-23574
-53068
-89571
13108
-88814
5368
-22247
95182
45482
-7340
48793
-3134
44999
50930
33448
-71067
26499
-75924
45394
3994
-59920
99454
64885
24203
-40528
-65453
-56571
-58031
5031
-51639
90525
81457
-77617
28044
-78347
-66431
-66589
-593
55841
78893
19156
4633
-97153
91244
82653
36295
-79824
9151
-12539
-7340
40234
27541
-7887
5119
78833
-21325
-33245
49351
-52267
71787
97713
65347
-19668
-79905
-6610
1986
80754
-46109
28482
36594
-67217
-52363
68317
62721
-61119
-21942
-73896
86147
14298
13565
-21194
-45468
68195
-1991
-13260
47028
76684
-19416
-76533
51506
-47630
-78821
16852
32703
-58726
-89758
61778
49118
91223
-9741
-87200
-75995
-35015
81117
13815
3866
86264
39920
-82898
562
80574
-4092
-17817
48769
93917
-3988
-77115
-2311
76596
-53648
-50806
56056
-32468
66047
-84153
-64105
3378
77625
12102
-5400
94973
24903
-54306
-40043
-66892
-13401
-9087
-80628
53608
8015
-52977
34181
-96078
-43705
-89962
24929
52307
-67077
-77383
-44009
-93635
-28188
39136
-99014
64948
54983
63971
-31675
-40304
-23927
-9986
-45332
-99025
-37203
-58285
-65917
49396
32628
80545
3003
-59358
54657
64274
71654
-89049
74312
-76329
-9653
34325
-53711
-26572
-32221
-54810
-87437
-31235
-89863
67547
-67265
-94449
-72758
-64103
-77346
-91000
-63128
-14549
-49285
98046
-65153
10432
5679
-35061
-21837
-39664
-70788
-50184
-28713
30614
-26512
-11276
-35062
-53134
62152
-40194
-80855
74715
28571
-70718
-30650
-11605
61923
-76318
-48618
84577
-67318
-84657
97117
-89514
-86612
-68037
-51993
-53843
-3097
26170
6493
26115
75986
4869
83818
76563
93593
-51245
50518
-17167
-64350
69663
84638
64221
26034
-46013
79706
-12044
-22331
-68913
99622
-62560
73520
96739
75016
13998
55791
-76978
60155
-47307
49192
93737
5898
-47733
-1395
-10285
-71171
-80713
-34440
6437
-70791
1210
-23901
-86154
92521
-97867
-32166
-685
-82822
-27408
-42509
-83200
-62878
-68990
40628
-87863
45008
-3582
62250
-67749
-23799
11441
-74013
9188
63708
-48318
25992
19627
98059
18641
-73937
-72733
46941
2162
68204
-33450
-68616
-63963
65865
-51437
-64282
50445
92453
-27160
8544
-39831
-87933
80642
56587
74317
-87108
59877
-14243
65970
-30936
76555
44741
22146
-76730
42799
-59214
-50667
-2845
87727
-21416
-34642
-45724
-62942
-71516
47230
-87290
-35797
-75237
-94838
-35868
33308
-34669
-23801
13949
49007
-49485
-46070
8884
-36638
-80101
5037
-60084
-8271
-72818
-36814
-65473
95059
-60392
-41228
82785
-54719
-48781
64151
-17661
-20296
11380
-4951
-29004
36144
-72700
35128
96541
-80280
38417
-62422
68728
88932
-8492
-95300
-47707
-61503
9737
-80702
30226
-35991
-90427
-8157
-40933
-50819
50615
68941
-78448
-98167
33091
-69020
-91374
71561
-46881
-20378
-65207
-19581
41840
-68667
-72771
-19744
-31089
95957
96277
-12492
27746
-51430
-46906
64572
-32132
10410
-71420
-95469
-97748
-85264
-46288
-20044
83678
-97647
-91122
16768
-66666
44595
-84583
-13547
51306
-49790
-6039
-6855
-18457
21190
490
-22457
-55765
-3233
-7859
-930
-27574
45235
-36358
-32617
-44356
-80689
-28086
84986
61138
-47284
92031
44815
-44931
27999
88672
-84508
-27407
-95911
-70966
-76102
81389
-49915
-55867
-37068
-1636
-28288
-32436
42600
68479
59705
68759
67994
-67971
-67600
-64623
-12327
78802
-65620
99749
39939
-12904
18868
-88158
-30745
-53134
-99487
-15253
19459
31692
-59129
-29553
13081
-9044
-58331
3102
89320
13381
70666
-40992
-18140
-42540
-72233
76943
-10511
87257
-87681
4251
66058
-53300
3999
-66915
-39115
-77133
-55073
30140
96823
72531
41977
16282
4222
82848
13818
44392
-26197
55487
-52507
-36878
-31133
45249
-50780
-22184
-97292
-23013
-45241
-7803
91333
94168
23537
-15520
67957
-72464
17565
-71158
77493
-10418
-13929
74315
-37888
-71953
-82315
-6577
37984
31503
-62185
38876
-85922
-14692
-98002
-17054
57646
78308
-12149
60354
-44706
-30301
79640
-53374
-36133
3177
-41805
58913
-42198
75761
87755
-64706
-34658
-99085
36698
-45457
56052
54384
47966
-5964
-87025
85781
-67089
-72946
98179
61999
-62911
55824
40306
-47971
-56733
22689
21729
49996
-3595
12685
-46828
54600
-28403
-61937
-42551
86442
-99554
-50120
87357
37145
4423
43408
-81383
-47611
64533
-68408
65259
24534
85736
63437
-13468
-77176
-53650
53928
-25146
-83294
-96295
23672
66702
110
-63644
46964
81800
-64958
85027
-60752
-78517
85474
-10871
35929
-50293
20641
-93574
-31676
73030
70959
-72995
-34622
-77419
-87259
-71186
9114
-64435
-97747
90131
-62492
-81041
93836
-11731
12751
-78965
24625
-40286
-97166
59668
71830
69172
8240
-15608
85390
-55831
34099
6031
-49405
29512
-93851
48643
56518
-28473
71225
69259
-72569
-92573
31913
-70316
24647
-3489
75734
-54429
84780
-11516
-33394
9405
48198
96530
96162
20027
65702
-68510
-95581
-21820
-24341
-34393
84211
-46657
95120
90361
29076
-21274
-38113
-72611
-52016
-10682
61906
6986
-53908
-13448
-96504
-78175
32123
88277
10309
25819
-75230
85596
22348
48021
-67289
-84862
79511
64220
-6681
82260
-70173
-22471
-64398
52036
94979
-8233
-69239
83956
-53755
-94166
-99638
-91850
12820
-53546
-5298
-56594
95369
53915
-68318
-67234
-20267
83542
-81639
-97920
31562
-48927
44309
-61839
-84708
-62373
-79580
72209
15156
83113
-48667
-62776
-98032
-90817
-78821
-51786
-84983
-78459
-43636
-45073
95086
-21844
-1667
90454
-67930
-42896
-76780
-61108
67735
68671
68062
-73615
46833
12370
-35454
-10785
49997
-87944
-38577
92243
95169
-60154
56556
24226
-50971
77735
72440
-35953
26365
-71196
-53937
-51461
-65951
44396
-61007
-33881
28589
89303
-67900
-3677
-14938
27251
22708
-68105
-60379
14343
21110
16707
26399
9622
-63962
-51344
49468
92594
72883
25587
-2583
45322
89634
50872
1215
62786
99411
35264
-65730
65493
28472
62859
54795
60572
-40819
-60143
-12177
8978
98842
-45467
-76680
19951
-1671
-23191
56662
34368
25465
-66781
-45950
-1653
58806
-21443
70759
-24472
-70572
-28027
-61687
-71162
-92763
-27417
21421
35709
-64559
-23785
-76630
-78289
-56839
-61718
-42222
69092
-7185
-91813
-83869
91144
-15004
72794
-47400
37551
-93988
-66260
62987
64818
12297
33745
67435
-31186
32808
-94253
-75259
40045
-21670
46162
-97158
-59140
49467
53302
89661
19717
91584
74528
-11191
-88513
82715
4940
29721
94801
-95178
82321
32351
-89166
43150
-4663
2741
82536
56172
-29825
-48651
-11021
-96989
-96820
56113
-91570
49342
58955
76380
-74103
-60654
-6871
45615
-69071
-32344
-65577
-57583
77461
-33548
-773
72261
-28725
-18453
-68300
-90802
51787
-45874
-60971
34322
-89703
-63707
85672
-724
-60695
88852
-44612
-52265
-34718
41433
51205
-8820
7868
-55667
-63206
38797
-60921
98307
8303
-83461
-35242
-92471
15889
-36878
-83834
47589
-27679
67953
28804
11350
-70637
39102
-25268
-84966
65467
14037
30975
47945
-11138
23347
-83534
67156
41616
24334
-88512
5499
90220
-49433
3805
-74388
-32894
-4348
60231
10084
58775
76397
84762
58185
-28562
13566
96624
802
-47333
-28645
-57075
-81867
12482
990
-6833
-98657
51426
9633
68499
-6959
-66034
7076
25629
-75814
57644
-70567
-50202
51839
-47826
-89972
89013
38038
13515
73774
-3778
12042
-12661
-80066
39933
-32905
-8710
9948
-14771
-96229
38027
5485
32204
-10548
-84882
-72209
9582
-50916
-38044
-64790
-99641
-80401
91733
77247
-1472
70996
14365
-12460
9034
-72121
88403
32345
-32990
-24258
52280
-93057
42837
-56431
-56020
55155
74430
82007
-39360
-66278
98548
-24242
88603
-64782
-48069
-49442
97518
79381
-29842
89250
56627
-4225
-12666
-29009
10404
96368
-74041
-1194
28713
-7030
74548
-91919
-72998
-55526
78740
-29018
99629
53169
80078
87358
13980
5714
90205
2582
40932
69226
53140
38449
48606
50387
-45213
-67679
-53839
42121
3313
-16346
-34422
-43639
82461
21380
49331
-15903
29461
3422
-44340
8200
74404
82379
88458
-18430
69736
2437
87284
59941
-94982
-44696
-43745
-14753
93753
-95140
-64366
75629
-62819
-91116
-55161
-32417
-7461
10417
23945
-97912
-68204
-99636
-86726
-11654
3787
-31065
96546
-94721
-48687
12092
-13150
-78952
41618
-25867
8078
46636
29438
-8578
-68118
-49721
-3718
94606
52998
-39447
-96510
97837
-44775
-76882
-64658
79170
-74794
-32862
79535
65570
-17427
-16679
-65496
-93793
-11400
-14183
18299
2539
-66045
-40084
76673
-30878
33641
-66801
60545
-7388
-89433
83916
-12782
63565
71558
-82203
61401
-73217
-59085
23832
33042
-33879
90970
12576
-68310
-99369
22986
93285
-93162
38676
-93810
25137
-58786
67235
12142
44976
63447
-54218
5264
23991
38395
15832
-65005
52702
-93515
33643
70499
-5024
60426
-88587
-81193
-6533
-95377
36867
33133
63403
37498
-43882
56687
44337
21883
-10033
96563
63098
-42799
8705
-64838
-79353
54487
40427
-28273
-80030
83348
-66188
72672
89833
67455
-29741
-15192
27880
-18328
-69295
48436
-86616
67572
-18432
76788
5069
-35224
-39437
-50595
86659
-22381
-54032
49756
34821
-18238
84919
-17443
-63752
-47566
54285
83309
-64219
15186
-16931
52703
-17360
53329
64601
-89481
62090
95306
-13956
75475
62877
67613
-20649
95035
-67612
-32997
71530
-80954
44623
-82503
-4108
-93468
-73652
-92101
-10911
89686
87423
70463
72994
-76797
-14352
-43937
75906
68288
36481
-32405
5896
-1430
-37100
19030
-25956
-74224
-13358
-19516
-79189
-53881
47488
92341
92255
-80801
36927
-84765
-74269
63275
-76866
-58091
52960
-89444
-87628
-46957
60849
-74891
-63805
-36156
20487
72676
31439
53472
-28755
94340
-27499
-27621
47205
59143
-20048
-4895
32351
-72561
-85466
24606
73728
-21450
39841
99459
68914
-9935
68458
-51037
-72290
7919
2006
88560
33028
38201
79493
-46486
10876
10931
34076
9210
-67641
-93424
8678
6654
-7191
88631
-98242
-74841
-83931
43383
-23146
16887
-78068
43785
16345
90847
-66151
-15198
-60191
-38441
92721
41815
77208
-47162
-92896
56700
-66559
-54931
94721
67517
54279
54169
1183
-37043
-39178
93992
78677
89671
46240
21835
33053
-76906
-61279
-17926
66879
55067
-27080
27817
66958
12729
89376
-13232
81633
-6327
39606
88737
-49628
136
-66195
72182
-32347
15174
-46560
68836
5220
-58649
-10084
-16104
-68979
-63845
32820
-8837
-40751
71542
73238
53217
-46303
-53843
-18967
-79346
-14024
97499
-65489
94698
-8829
74117
83435
-31368
-25747
44329
-59186
-31005
86592
-5746
64920
-81100
35605
-45165
-70115
-6284
-9010
62706
11968
-22671
34247
-14795
-69455
87944
-41548
-61332
35687
-28483
-63834
70199
-33786
27337
-28596
76738
95969
-27254
-51844
63872
41741
-65253
85215
6660
-46352
-52091
-11416
-16467
-31286
79575
-53762
80682
83993
7574
92977
-85463
-4483
78518
80295
-68796
-49966
43550
-98598
-56663
-29114
-27194
47165
93945
45553
95321
-15095
-85618
-69933
-29880
-51868
-89196
-54882
36716
-78573
13832
-56621
94755
-5487
-72629
2329
-85422
68999
97846
93096
49293
56139
70219
-7157
-15370
40646
-9182
-15474
-12190
-88149
57168
-16870
-3243
71550
-59714
-6034
-80319
78181
39084
-16513
99608
80005
26866
21451
-25483
54238
-76221
-10904
-49675
48715
-90720
99618
-68058
6589
-80451
16573
-52766
-62543
-98902
35044
-50692
58266
45263
-26846
-43096
85549
67120
-96325
-9182
-66708
-12838
-9575
-86704
41117
-88124
-85097
-77557
62745
-68912
-27232
-61452
67458
99476
-29509
-25954
-80976
87064
21280
-43519
15251
83413
-67121
-99395
28675
6033
-42491
-58687
-99758
-38816
32131
60624
-24565
49646
1010
-83448
61522
15913
-61005
-48645
-25910
-61147
-10096
-58453
-61672
-12516
15594
84442
-98364
63963
-59077
16887
47376
-99109
17492
-96861
-65987
75001
-55548
-65745
63275
76584
21969
-61291
26229
-77022
82351
-85161
-34020
48436
93284
40070
87289
-16813
8706
-74384
-2240
-75701
-89943
-604
15352
78070
-83718
89817
6050
-39137
92956
40064
62954
-62592
74319
26228
41081
-76624
-7974
94399
-53646
-25623
-90763
12334
-77188
29610
79493
37190
39887
-11801
62806
-62354
-60413
-48
37043
-17972
-94889
-19586
-28156
11161
41278
-35200
-48776
-68680
-70703
52633
-15363
70378
76009
76663
64776
49453
78129
1102
88876
28030
-69289
68369
-34781
70598
83657
55114
-91756
-76757
-44934
-27624
-67639
87267
52790
4205
-1573
-78844
69005
-23259
-47524
98302
56463
37113
-4232
-40440
13776
-39457
-90988
-81007
-11266
24978
47024
19446
-6654
-87758
-9957
-95909
67357
-74624
54424
49512
-2248
86785
36778
-49458
-9010
62294
-28302
-40006
66124
-48736
85386
22586
88377
-18847
9236
-70759
-31214
18248
-51765
57520
-56775
95259
-95946
-36340
34590
-5902
-32249
1946
-53437
-77825
78547
44316
36049
15324
21947
-72962
-95293
20734
-85878
-2080
71998
26597
-79494
-12536
-92251
29742
16705
-96376
75079
-7971
61145
45394
-12713
-7712
36143
-78123
86386
30984
-49088
60039
-19752
-70541
4354
-83704
-28128
53390
-56665
-96332
-25877
84547
1589
-53879
11143
22095
33585
-54019
78926
77379
-50394
-18907
-30592
37840
53576
-16216
-69873
-10281
-67250
43603
-79298
-16337
3641
950
-59789
35084
-55665
-60828
-11527
-12330
-57159
62596
99306
44430
35806
10448
93614
96480
56430
-372
73859
33125
80721
-56734
-29036
-38614
27050
-71820
-21806
-13110
71783
-1104
-2358
-97488
26935
37853
37596
-1641
77025
-73932
13119
-80135
88665
12424
-8616
-48441
-77128
-15003
-51961
6391
84625
-78103
-60485
-7565
92253
-62432
53821
-53609
-34252
-67986
33281
64621
-42001
-69078
67133
12023
-4136
4729
-89619
-27111
-42114
23500
-80157
73640
63014
11228
-74801
85886
23314
-26762
-80635
7939
-77776
-41120
-99627
-85524
-76463
-18717
-39133
-83626
-59614
94149
80995
-1615
52160
-24783
37497
-51976
79946
-25033
-51998
64921
98468
-32155
38561
61481
6162
63760
-25545
-70524
64087
-6180
37415
86311
-20211
-35123
-99214
-69585
-26751
88743
-53211
13635
9980
-72216
39109
-37860
-69910
-96306
-62747
37125
-21339
-14745
2045
-22872
53100
-59395
65698
-40738
31454
67242
-84173
-77371
88151
-19669
-91061
95029
45208
36815
-74557
45546
-47353
99323
-40820
62627
-72894
25378
51856
-42804
29072
89109
94321
-92268
-25637
-76546
-88050
54553
91150
4737
40904
-50308
-28021
56731
-27678
87219
-62939
-91650
82248
9358
45166
34780
-45097
97813
34102
14083
-12472
-11703
66550
-60616
-27418
-4379
-71508
93992
-69558
2856
-82554
69482
-42592
-91405
-25781
98312
-41713
-26713
-17869
-42302
-39495
19192
-33951
69842
-71451
38304
4622
-16548
-36795
65813
24624
50733
-45890
-8827
17206
-46219
13883
45699
-52227
44325
75644
92309
13807
-66949
-99097
15115
58452
86280
15491
-59418
71068
75996
-13137
-62884
-27073
15412
2509
4638
25953
65714
-29550
-49424
-56465
-48351
-31162
60742
5431
82721
6440
-19707
-45866
-90828
-27399
-4970
-57777
-99407
-89856
27764
86873
-47276
-4565
-14971
-71280
9387
22145
-71264
-75202
51743
33374
-22160
17456
30913
28416
-11919
9652
97254
-51178
42172
7063
-17649
-77536
61197
-8477
-4935
83317
-39165
-4342
20550
15688
-90381
73275
-88878
-5351
29084
20509
43883
57820
-27604
-4374
-81718
50236
40171
-23716
-94260
-71749
85936
30083
-95838
28107
-62855
-13487
-22340
25431
78036
72725
8747
65960
95472
56387
-18353
-94909
29661
-80142
-73171
-41256
-32544
-2199
43653
39852
20516
-10976
-82824
-39313
65308
-77084
-83973
-21667
-19912
47280
33529
17233
-66208
-88811
69754
38918
11003
-94411
4877
6475
61976
13614
-61345
-81275
33472
92574
-95442
-99072
-9626
48211
-32131
-89110
-62766
-87865
98667
29632
62141
41783
35054
-57771
-10938
-31418
-13449
-50056
-93140
-43696
88862
17864
88984
-79173
51428
50959
-38470
90083
69685
95003
82656
74243
23020
-99882
-50457
90889
-88992
-86134
30113
36764
43498
-7746
-21453
-94360
34483
67609
-25777
-78967
-82448
-91828
-95573
33503
-46875
93411
-18580
-95448
-28542
42950
21724
68232
37952
-68532
-30436
88061
-68413
19107
6039
69685
-39938
-63849
6449
30650
28405
84996
36290
-37113
-20307
37602
-88990
-2754
45775
-84563
57838
98900
35937
-60743
-96548
-92606
82208
25176
2716
-52752
-16266
72280
-64691
15321
-8614
41348
-14995
51448
77499
18543
-17903
-67007
-69373
45477
-4120
10321
-16922
-66021
34656
-71148
76506
-7507
-72248
12442
-41160
58294
-53074
-58953
-89442
49642
-84616
-5708
-50990
77783
36702
40396
19130
48797
-81068
-76282
-32661
-71881
-43289
-2033
685
-20320
-91713
83763
-59251
-29968
-87385
-82746
62525
67457
-43214
48454
-47161
3712
89501
90487
80443
31975
-15221
-70548
9757
48570
-3063
55977
-2634
-57042
79695
-8205
98167
63495
89762
-1149
70264
25138
-17386
-88988
95170
-77682
-71733
-15217
16864
-87858
-66763
69703
-57057
49827
60189
-76615
-18199
72057
79927
91559
20627
-96048
47535
45082
74000
-45682
-63124
72167
44902
53727
98107
15165
-21136
-92191
-46733
-98878
57217
-18466
-87005
-25920
-79235
-53768
70872
-36292
23148
-41850
-85818
-95051
57296
21198
23597
-94989
25150
98221
50094
-851
79628
14059
98405
24529
-32214
23601
-60307
-26261
31410
-7040
-25138
-11373
1583
-12143
62707
22348
-38822
-39332
13145
84326
18818
27327
16364
-96798
-51476
67050
-91786
73674
-7641
58308
99913
-28014
99456
25406
96515
-32759
-50994
63298
40981
80417
83347
42932
96133
-87981
-69212
-14072
34367
-80945
46596
74602
30470
92503
1928
73924
95706
50453
40973
31009
-48785
60422
-83595
78217
-67593
-84140
-69288
56012
-16898
-20282
19309
51172
87224
2655
-5897
83356
14674
-48020
-30716
76131
-28965
42969
50732
-98496
-37439
79749
75428
85356
-42710
-56510
16364
-64405
-96089
32769
40901
63408
-24282
71613
19419
-14091
-48669
-61273
-62920
65644
-31528
31183
-23911
10235
83163
-27538
-86546
81287
-84570
-8725
82792
-94920
98114
-14692
90436
-44597
-44113
-66112
-9002
86888
-6254
-68101
50296
69465
30601
96804
-44627
9021
62621
-7546
-25335
-68908
50726
50754
-31584
-39022
50305
-91040
-57736
65735
235
52145
-2095
-1652
64543
-11660
-19159
47519
22229
-1072
34407
-84026
-42084
-88209
12528
88518
-91406
67902
-2462
71215
87445
-708
29396
-34741
77135
97813
-46674
27439
33862
-4409
-79737
-65904
74825
18168
-40466
-33544
33597
40375
-86025
82915
-60698
-24529
25979
-75692
-12738
-61494
-87175
-4144
33497
-62548
-32929
-51970
36745
23556
13290
13879
21368
66616
68408
-44771
89296
88671
-83585
-8790
-66073
-96962
57666
-5387
-29498
-1270
-22472
9804
74201
-96494
-38799
-38538
69102
-25974
-15592
-70312
11479
-21432
-22282
-51777
-97877
91008
-10809
-49419
-15287
84688
-67101
-25992
447
-50686
65218
-38537
-47648
-50027
56077
22854
48703
-66396
59748
22904
64200
-79052
11455
-39610
-77936
95863
-9922
33543
-98481
67797
8855
-96357
-14107
25135
-45776
70606
9823
-12877
-55386
-89731
-36473
36921
-28267
-57032
86894
54899
65823
35597
88503
-47341
85590
-20209
-99304
-75867
-32730
-77240
-80004
57349
-16608
48605
-47766
92247
52248
38127
-55529
33561
8733
54294
-79316
-19564
-8348
-88700
44446
-9526
-45732
31340
-54628
47180
94026
60964
99839
6704
67844
27625
30837
-64886
50385
-22078
19552
-66223
-73473
71786
53113
78775
-62999
97584
12336
45734
-21034
-39891
53259
70619
98499
-2295
88182
-47234
56134
60644
99947
50159
21607
26874
83952
-83460
-45502
14788
-48346
31973
92711
-1705
-7161
-80763
-29920
73041
98012
7081
70625
-62564
79905
-50410
-75366
-39748
47298
-76868
-14954
-37431
-97012
-58821
-76788
-97066
18427
44819
-43103
2378
61359
-61515
-82834
40102
70458
-90124
-61604
90386
-70887
-64435
63426
54214
-30264
34050
18740
-50360
10730
43374
-63019
85117
-6404
22028
-52315
-3416
63207
-29103
-73393
-91277
42806
-89407
11101
-68747
-50922
-44644
-1555
46625
-34768
36841
37010
-78566
-504
-72475
2738
69232
-11336
-78523
45961
99394
-8060
82942
11600
12625
4969
-13626
36298
95266
-15639
62905
31078
54256
73499
-57822
85509
49666
-75376
-88958
-3709
-83055
47884
60390
65470
-52621
87915
-31793
-83390
-23421
-83227
-10340
-96939
-64198
-27399
14661
48428
4660
28125
-15275
-72986
-87515
74720
58092
66741
48218
27359
-20662
-2117
51983
-9619
21263
68929
65354
-18347
-38513
39822
-30433
29694
-16479
46146
-26444
73181
49208
9358
-54219
90958
-42215
-22470
19082
-30400
4544
-41344
-55681
-37365
-74604
19626
17084
-68176
44598
-30934
22205
-34139
65084
-85353
-25397
-73430
54469
44170
-16647
-62011
-82595
56909
-88831
-6298
-33733
84040
-15341
-48859
-38430
30831
-52170
66114
89487
-80762
55839
41973
-34047
-27078
73797
-89449
-30923
-76910
-96499
61251
-62263
-94807
14910
92206
-23548
98264
57284
-6143
-17739
68453
87559
-24383
-20419
99308
-46152
41151
30138
1678
-65646
19624
-51994
90193
88686
13959
90204
62482
-48401
-40720
85572
82190
47620
50398
87383
-37470
42603
-36165
87883
-73025
57692
97233
22517
-27660
-27150
-97902
98737
26698
-29662
28874
55465
4692
75587
30560
-78027
64273
-55481
-87824
-46157
-3882
98547
66505
-94603
46166
16902
92780
35785
86595
-43386
-49244
-86431
41396
-52011
36087
40825
20839
-34726
39561
74626
35612
95524
-42821
-59696
71110
87740
89367
-37529
59348
-98457
16315
82555
27179
-17181
87952
-99567
26810
7821
-36692
13404
-8476
14064
26974
-67081
-10858
90150
833
37070
-44577
67483
11695
91035
63006
-4036
58428
-38795
-89208
47795
23676
70140
-23573
67080
-20217
30695
76988
-32265
31128
3798
75556
21525
-82799
-32921
-64411
-28736
-72912
24731
-38587
-44990
88891
16836
-77507
585
-65040
85499
23638
93388
-53297
34430
-31729
-2531
-68342
-28213
-35452
11442
29571
-58464
6266
87789
45334
-91090
9313
-10376
-96922
-28009
60889
-69834
23812
-77699
-14823
12702
-33773
-65241
40376
1187
-79743
-35986
-78337
94051
25533
-82976
-8481
-15719
-11189
56067
22812
45472
24692
56167
33260
97115
65077
-57428
-13261
68155
14564
-52373
25411
65465
-30072
37677
-21834
-36756
72436
-81459
64431
92693
-90356
86095
13832
-37733
-96882
-94650
-26363
-80982
-11493
96449
64490
-86802
52615
-2251
-89687
-55220
-32589
-2948
40024
9064
-28232
-34566
-25472
-31215
-96890
52694
32030
75546
-1676
-3540
-4672
-64942
-90357
-90841
-2675
39851
41600
70962
-14041
-69894
-5501
-49552
-56696
74203
-24713
80707
-81018
-30213
-95153
59006
78851
-23385
51530
-46622
-27510
54640
33161
-95481
-42725
-68516
-71932
-20308
-33458
64802
-84060
-9044
4652
57540
89007
90611
14735
-16495
68149
-14871
-42293
70525
-34165
-96222
-59689
97773
-10126
-80839
-98524
-58597
99629
-26034
23132
32789
-94426
7496
-8638
60733
14277
-15006
25534
30218
75950
57275
-85154
-7954
-25025
29582
75551
70213
41800
60348
40737
-92366
-8785
8137
-94594
8178
27298
-93117
-23330
26926
-92062
99803
86804
-86487
-65613
-21835
1335
48665
-9752
53958
-94029
93288
-61679
-79183
-14667
13296
-22512
-39117
-89403
-80713
48320
51334
54012
-60465
86560
-13493
-25198
13857
-79521
51473
67872
-71582
-21636
-18236
69021
12751
-12981
-29645
-38585
77267
51402
-32614
70554
89723
-84707
-44114
3019
-7219
-56141
13616
-60842
92179
92040
93170
58803
78599
-20324
-66395
-80455
156
85078
14506
-44337
-36559
23360
-75317
3281
-89622
-77873
-8214
87645
73529
59172
-14712
63251
1554
41174
93359
21425
85033
6975
60583
4301
-73897
-19159
-36897
31791
-12394
-76203
-21575
14851
35964
20021
70514
26494
-56620
22286
-70225
-46242
44413
21561
68492
-54970
-92179
-46221
-91719
9376
94954
-98361
-69200
7075
-64297
18472
-88625
88896
99313
-98432
-52224
-13082
-74635
26201
-98231
-11581
-53779
-628
-85088
-83310
-78342
-55313
-29552
-6840
-6663
66030
38191
-71752
-80192
46472
37624
41851
-24800
-4487
76016
10904
-86016
87391
-73112
40386
16048
-25336
54393
-31497
27955
56162
56922
1265
82624
71834
17956
-95719
43611
15493
-2559
64037
-18478
-64369
92285
-71580
9192
-43003
-2640
84393
-20401
-26625
-77615
-6417
87856
76363
61058
3903
-48973
15451
-505
6071
98702
-43584
-92665
81325
55340
25291
12695
-73961
67874
-89864
90076
76485
72857
9450
-95096
-90862
-6464
2265
20620
73136
2729
-29906
93808
-9416
-53544
54866
21577
-75428
-29684
-78929
30643
96107
-95423
-34932
77432
-12994
17448
-9874
13045
-14679
-72649
-69791
-38194
27298
39659
93800
-36475
60285
-76847
84145
33420
25883
81328
27227
43556
-72217
-17908
-34868
79446
-20503
-86707
-62823
-24396
44960
2245
80125
-68035
-80307
97340
45010
-67897
-75309
75219
-79002
-20922
-58033
-85202
42603
-97749
-62049
-46164
-37240
-9077
-64837
89987
-65521
90036
99169
-73300
-3430
-21335
67083
33748
-18642
12042
63082
-38518
44007
9864
-41178
-83895
-30943
-89398
91325
-9945
-83231
60381
4853
59372
-10279
-30106
40297
52481
60817
75460
-30444
22385
-7416
-31276
-23825
89155
-25521
70347
-50009
55837
-17611
-86928
44409
53485
-49974
30320
69591
19083
-31989
-11996
-90863
-15220
75474
-58920
71241
-34806
10974
11537
44764
98880
-13004
-85681
-51646
79580
-89867
24529
68734
-15388
-5125
-81276
67538
4353
58887
11946
-42162
-91088
69355
54518
-44916
-62635
-57479
-35779
22145
-82006
-67610
-6615
-89723
43364
-95079
55041
42244
-80994
-3551
17687
25676
6582
-57785
-78502
18283
-35821
-59777
-14179
-4378
26199
24856
-19451
-37800
-5789
-64934
17284
31576
-22413
8594
80811
-4419
40985
-98716
-67053
-88563
33296
87988
-19230
52302
-88475
98457
-22023
-54803
67761
-524
63480
-68060
-33212
-50700
-45349
20076
1246
35200
82276
95457
70266
-73352
-45879
-52148
-37669
62021
-29478
30405
63306
3469
41843
-3399
-81455
49702
75992
57160
48159
81059
-97644
15919
-92377
65837
-25052
-25589
42226
29599
21576
-56529
91888
-69060
66017
62153
-42412
47228
37094
-52992
9248
34705
4503
99643
-61827
-53655
-3757
83808
23136
99325
40968
-28706
80383
-29587
87214
88006
63339
89251
89506
5565
-54061
11081
-23875
-62174
42021
69232
99980
26698
16459
37073
795
-74294
-28222
-94703
52439
-62960
78732
-51319
47938
1868
75095
-84006
73162
55477
-13593
-12536
-29429
-50254
-96196
-39924
-17600
-50257
-1754
58525
-12431
67356
-45155
-12452
-78858
71304
51711
21938
24100
50578
27235
-23462
14707
-66944
-47692
-37356
34924
-72597
-21362
-64826
9969
-7865
-50272
80541
41881
-46468
67706
-75720
3275
-34048
9894
90844
-66693
64740
-21608
-45550
-36868
57192
3477
14321
7769
57801
17948
-77525
90857
70257
-87791
-47131
24749
-82064
-11956
-65283
-62840
37772
42347
79041
91304
10053
30410
-5422
76005
67394
-87490
36401
-40778
-9098
17940
-50557
75183
48506
63765
-17049
6307
-18288
-67484
-75748
79058
71815
-22878
3806
16840
-7745
-34387
54001
57116
-92041
33041
-24492
-54899
90541
70086
48195
57934
9685
-15404
44245
-99413
29625
93688
75770
-21869
57452
85811
11527
66254
45416
35779
45311
17230
39990
76207
-65931
59334
68909
88070
16449
3957
-51800
91957
49059
65830
-10869
-2747
-49148
98817
8938
95097
26493
65653
88784
-70649
-56217
46236
42251
-17601
-60422
-12334
45267
84889
31985
-87654
-11816
66055
71680
-42908
-18787
-11871
61050
-43498
-92826
10108
-77669
-76605
34450
-26817
-77789
-56612
95369
-24207
-90960
84153
5144
79913
-42523
74485
-37689
-2945
-37850
34667
-90968
94136
47013
-2783
-12721
18693
54309
-4419
33911
15358
52084
-31826
-74535
1504
-8431
-12995
1777
-59131
30393
-2855
16662
-33478
-91614
48896
-53566
-34137
23380
-64166
-9993
12619
70501
-960
6754
-55397
96257
21122
63296
50565
-83297
-75705
93013
-4124
-7531
45567
24469
84039
-67429
-73755
51997
62964
-49520
95749
56575
85956
44644
30098
78909
95113
-6979
-31085
7731
90612
-4956
41575
-64786
-8700
-37304
98510
68955
-93512
49894
61967
2364
-57638
7533
-73167
53490
40105
80168
5487
-69843
57737
1235
13822
-29218
72968
-56081
-50310
-4831
36941
-54306
29989
-45359
-32172
-28437
-10145
-13783
-38651
-84547
-44829
94927
65347
44227
-75620
-92292
78850
-48787
-11712
-53957
58470
93775
-96711
-56704
-77902
17111
-58833
95066
-11880
-82054
-82677
52150
90730
47312
-93210
-41443
45965
-3355
44775
34403
12098
27035
29329
-22556
-28738
53709
-87759
77201
32011
529
-76757
-82430
-78608
-73468
87956
-56510
-29267
-70878
65645
58853
-52932
82968
-61909
-62203
30280
-55119
-3645
-96667
41526
68219
37736
80713
-4747
-32936
85246
-6396
-79227
24576
-29196
-20127
-74895
-5953
-2557
73587
-52331
-14602
-82923
-54509
-58391
9811
31433
-11323
-7221
69524
-46436
50148
-85596
-22992
53481
-16981
-54774
-8784
90821
-32432
-14631
76066
61173
6142
641
-68024
13105
-47165
-46887
-89453
-73578
782
-4054
70589
-26638
37555
